19689
19677
19696
19716
19717
19715
19737
19729
19740
19754
19756
19761
19753
19788
19816
67378
67372
67352
67428
67449
67465
5338
5348
5345
5368
5378
5393
5386
5391
5422
5421
5426
5475
71188
71209
71218
71220
71208
71216
71247
71272
71255
71287
71313
71325
91029
91030
91010
91024
91061
91106
91099
91087
91144
47008
47043
47041
47045
47018
47076
47072
47044
47069
47088
47098
47107
47118
47133
47149
47164
47174
47205
72100
72103
72102
72123
72135
72128
72142
72114
72151
72157
72158
72161
72173
72146
72159
72189
72214
72203
72222
72241
72225
99805
99795
99811
99824
99839
99826
99872
99878
99892
99899
99893
99879
99909
99921
99932
99929
99966
99969
99972
99965
99978
99968
91150
91143
91152
91197
91163
91216
19842
19794
19874
19890
19904
19915
19871
19931
19916
19954
19964
19967
72247
72264
72293
72330
72328
72289
72306
72339
72347
72360
72373
72396
72398
67489
67530
67529
67564
67579
67558
67584
67581
67598
67603
67623
71330
71347
71356
71332
71366
71360
71389
71384
71400
71418
71391
71426
71420
71415
71447
71468
5480
5506
5524
5511
5548
5518
5553
5559
5554
5589
5592
5567
5612
5633
47199
47210
47250
47265
47320
47357
47378
99994
34001
34009
34063
34074
34131
34146
34125
34124
34178
34180
91298
91329
91336
91365
91381
91394
91400
91402
91386
91405
91416
91419
91432
91389
91436
91437
91425
71500
71496
71479
71528
71526
71557
71554
71542
71572
71590
71564
71604
71645
5673
5687
5685
5762
5774
72409
72425
72416
72417
72434
72412
72445
72466
72469
72477
72513
72519
72535
72546
19965
19979
19994
19995
20037
20054
20043
20046
20056
20069
20086
20071
20091
20124
20129
67652
67630
67683
67685
67699
67734
67739
67742
67747
67743
67766
67779
67770
67796
47385
47430
47422
47423
47436
47444
47498
47500
47503
47508
47533
47551
47532
47559
47558
47555
47560
47556
47582
34207
34222
34228
34225
34238
34260
34256
34278
34288
34301
34329
34357
34350
34388
34376
34389
34397
34404
91424
91469
91488
91509
91521
91496
91528
91539
91560
91545
91563
91547
91569
91580
91551
91602
71633
71635
71652
71659
71660
71663
71647
71683
71701
71714
71723
71718
71706
71700
71724
71735
71732
71753
71761
71764
71783
5784
5787
5802
5799
5824
5838
5855
5854
5908
5916
5930
5938
67819
67831
67836
67846
67860
67877
67934
67914
67944
67960
72566
72577
72572
72614
72649
72637
72632
72680
72691
72696
72679
20109
20184
20181
20191
20210
20230
20202
20233
20260
20285
47590
47602
47653
47640
47656
47655
47679
47677
47699
47661
47712
47716
47719
47727
47747
47749
47738
47777
47794
34415
34414
34428
34453
34452
34466
34468
34498
34529
34555
34536
34578
34592
34607
91592
91617
91635
91630
91647
91698
91724
91736
91745
91755
67964
67982
67997
68002
68047
68033
68062
68079
71807
71843
71847
71823
71866
71890
71914
71917
71924
71904
71902
72700
72707
72770
72740
72777
72834
72843
72866
5937
5963
5966
5923
5990
6008
6016
6026
6018
6048
6011
6058
6081
6071
20278
20286
20315
20340
20330
20351
20363
20365
20388
20400
20409
20413
20412
47810
47829
47846
47873
47899
47942
47981
47988
52013
71946
71966
71981
72017
72032
72015
72059
72060
72867
72874
72873
72828
72875
72872
72894
72899
72895
72920
72926
72927
72946
72934
72984
72947
72960
72929
68101
68115
68105
68144
68158
68182
68130
68229
68238
68253
6100
6098
6145
6166
6184
6197
6168
6224
6217
6220
6243
20442
20468
20472
20484
20462
20499
20503
20521
20567
20572
20571
91717
91790
91799
91772
91812
91816
91837
91857
91865
91869
91881
91870
91885
91904
68262
68311
68318
68340
68351
68400
68413
34621
34608
34632
34622
34639
34660
34670
34655
34668
34685
34697
34722
34723
34716
34686
34762
34766
34791
34785
34802
35488
35506
35538
35539
35566
35594
35596
35620
35608
35632
35634
35637
10155
10183
10178
10174
10200
10195
10226
10211
10233
10248
10251
10213
10264
10294
91928
91927
91924
91977
91968
91966
92008
92004
92034
92073
52030
52034
52052
52055
52036
52060
52083
52081
52111
52096
52072
52121
52125
52137
52117
52135
52195
52199
52163
52227
6262
6306
6301
6297
6308
6328
6361
6365
6358
6377
6380
6399
6384
20591
20605
20610
20692
20662
20724
20739
34820
34797
34826
34843
34874
34884
34932
34900
34956
34941
34978
36007
35654
35665
35702
35681
35701
35740
35748
35751
35753
35776
35749
35787
10299
10306
10329
10345
10342
10370
10355
10406
10388
10390
10398
10410
10442
10472
10446
68401
68411
68407
68435
68439
68422
68443
68423
68452
68434
68440
68462
68490
68456
68502
68524
68538
68560
92044
92074
92090
92084
92138
92159
92202
6407
6409
6411
6428
6412
6403
6453
6404
6454
6458
6468
6491
6522
6532
52233
52224
52251
52309
52295
52283
52292
52321
52326
52307
52361
52353
52369
52364
52385
52404
52421
52418
20773
20775
20752
20806
20811
20843
20834
20868
36017
36022
36020
36046
36067
36079
36101
36121
36115
36126
36132
36142
36158
36172
36186
36195
36205
10479
10486
10530
10536
10569
10555
10575
10579
10553
10573
10592
10593
10586
10613
20904
20929
20928
20877
20919
20938
20924
20973
20972
20981
68567
68574
68587
68569
68625
68619
68563
68652
68659
68656
68629
68703
92238
92198
92251
92249
92258
92273
92280
92298
92307
92328
92362
92381
6557
6556
6572
6562
6579
6573
6602
6599
6625
6613
6634
6629
6647
6662
6668
6694
6688
6673
35827
35830
35832
35838
35841
35872
35896
35915
35926
35944
52467
52482
52478
52503
52511
52487
52530
52522
52560
52612
52593
36226
36227
36223
36234
36248
36242
36276
36296
36299
36320
36315
36336
36332
36365
36367
36357
36386
36399
36392
36391
35048
35062
35061
35129
35171
92380
92411
92434
92430
92450
92443
92438
92478
92468
92480
92529
6705
6672
6701
6700
6669
6737
6728
6725
6765
6764
6793
6774
6810
6843
10634
10632
10659
10673
10679
10682
10684
10700
10723
10743
10734
10751
10767
68745
68753
68735
68783
68766
68772
68776
68811
68823
68806
68841
68848
68824
68830
68874
68870
35999
40011
40007
40014
40013
40035
40059
40052
40068
40076
40085
52586
52678
52705
52685
52715
52738
52736
52742
52753
52757
52754
52721
52794
52796
52818
52799
36429
36420
36466
36470
36490
36498
36492
36509
36499
36471
36523
36551
36556
36567
36593
36575
36589
36612
6871
6833
6875
6873
6909
6917
6935
6916
6983
6968
7000
92533
92546
92526
92541
92553
92592
92613
92621
92620
92637
92664
92670
68863
68880
68879
68903
68901
68956
68947
68984
68998
71002
71008
40114
40111
40148
40127
40167
40172
40141
40227
40225
40242
40230
40248
40264
10771
10804
10784
10836
10777
10857
10867
10876
10908
10914
35195
35226
35253
35250
35265
35266
35272
35282
35313
35325
35332
35349
52846
52820
52851
52805
52825
52881
52855
52901
52911
52891
52933
52948
52957
52986
55037
55014
36660
36650
36675
36701
36700
36716
36721
36728
36730
36738
36740
36729
36761
36749
36776
36793
36789
40270
40274
40285
40307
40296
40327
40324
40311
40330
40294
40302
40349
40357
40351
40325
10018
10025
10036
10059
10064
10071
10129
10128
10134
92649
92691
92674
92703
92730
92739
92754
92775
92784
92801
92796
92810
92822
92815
35367
35392
35419
35423
35479
35470
35458
35482
35484
35510
71020
71036
71095
71091
71119
71107
71097
71131
71132
71145
71146
71166
71161
10935
10956
10951
10948
10953
10965
10978
10962
89004
89015
89036
89060
89042
89035
89058
55042
55058
55044
55060
55064
55078
55101
55108
55135
55123
55145
55155
55178
55187
55230
55243
40376
40436
40447
40452
40454
40471
40472
40492
40498
40499
40505
40482
40495
40528
40568
40539
89068
89108
89153
89203
89192
89179
89218
89217
97756
97757
97786
97812
97831
97828
97861
97834
97850
97884
19224
19227
19263
19269
19265
19271
19276
19313
19308
19336
19311
19353
92837
92849
92859
92866
92857
92878
92881
92876
92937
92946
92945
92963
92985
36824
36854
36839
36828
36880
36867
36892
36882
36923
36951
36952
36968
36980
36990
86002
86013
86009
86010
86019
86003
93627
93711
93692
93714
93730
93774
93765
93773
93779
93804
93821
93811
93820
93837
93835
93868
93828
93895
93888
40589
40612
40616
40619
40642
40671
40654
40694
40724
92982
92998
97003
97018
97027
97012
97020
97062
97080
97103
97129
97123
19381
19380
19371
19402
19401
19412
19409
19439
19471
19486
19495
55225
55240
55244
55232
55248
55276
55280
55275
55288
55286
55293
55305
55282
55346
55361
55360
55366
55377
55365
55382
55388
55409
55396
55444
89241
89237
89240
89263
89262
89283
89312
89336
89307
89329
89330
89374
89360
89371
89389
97903
97926
97918
97927
97929
97956
97960
97982
97989
97987
97990
19009
19018
19034
86065
86070
86043
86083
86102
86101
86100
86152
86150
86158
86172
86180
86185
86209
86189
93903
93928
93947
93959
93975
93973
93974
93961
93953
93980
93979
94019
94044
94005
94048
94036
94064
94062
94072
94078
94085
19531
19515
19513
19528
19502
19563
19607
19604
19598
19625
19573
19639
19637
40723
40756
40740
40773
40788
40797
40813
40802
40817
40828
40867
40846
40825
19036
19047
19051
19104
19103
19112
19154
19150
19155
19162
19178
19192
19209
19196
19181
97148
97146
97155
97158
97167
97168
97162
97204
97202
97210
97177
97226
97275
97262
97261
89361
89392
89400
89417
89428
89424
89422
89468
89514
89526
55448
55482
55508
55516
55529
55530
55514
55543
55567
55584
55592
55547
55587
55600
55622
55614
55627
86221
86259
86262
86255
86267
86306
86315
86328
86340
86350
86321
86357
86372
86382
86415
86379
86414
86419
94106
94109
94128
94166
94168
94199
94201
94234
94250
94212
94237
94267
94282
94268
94283
40866
40895
40883
40897
40894
40884
40923
40922
40932
40918
40957
40968
40962
40936
40977
40964
40987
40976
40979
40999
67008
67023
67021
89511
89578
89576
89592
89567
89604
89587
89634
89650
89649
89655
89673
89674
97296
97288
97319
97295
97320
97307
97342
97361
97385
97375
97380
97386
97382
97398
97419
97412
97433
97437
2922
2900
2920
2930
2997
3014
3027
3028
3037
3048
3053
3049
3057
3068
26327
26354
26371
26410
26423
26449
26436
26448
26490
26464
26501
26470
26493
55631
55670
55672
55682
55728
55714
55730
55723
55739
55763
55797
55807
55803
55786
55833
55832
55841
55848
86432
86445
86461
86455
86464
86479
86489
86523
86517
86554
86552
86564
86579
86593
86595
86588
86606
86607
86633
86635
86637
67033
67051
67050
67043
67062
67068
67073
67075
67091
67067
67100
67109
67106
67116
67117
67180
67153
67182
97450
97459
97467
97516
97524
97539
97593
89659
89703
89640
89725
89668
89704
89727
89733
89754
89748
89757
89766
89768
89747
89793
89815
89785
89837
89825
94289
94311
94295
94334
94345
94350
94358
94348
94357
94353
94400
94406
94440
94430
94423
94446
94447
94490
3060
3123
3127
3135
3169
3193
3304
26503
26565
26575
26562
26590
26586
26583
26593
26610
26607
26615
26626
26609
26649
26629
26641
26657
26656
26688
26698
26707
26718
26721
26724
26678
26739
26732
26747
55825
55870
55851
55891
55914
55945
55906
55930
55937
55966
55978
55993
56006
56013
56026
56008
56005
56030
86615
86657
86667
86659
86670
86687
86700
86709
86716
86722
86718
86833
67175
67201
67207
67239
67240
67233
67250
67216
67274
67303
67312
67257
67324
97559
97644
97648
97665
97666
97694
97734
89863
89864
89843
89856
89878
89875
89898
89905
89927
89928
89936
89941
89946
89965
89981
94434
94489
94494
94499
94524
94522
94544
94552
94551
94572
94559
94570
94587
94594
94576
94602
94610
94600
94639
94630
94654
94664
94643
94675
3293
3291
3321
3328
3324
3313
3381
3382
3385
3379
3391
3447
3472
3486
3495
3505
3490
26759
26781
26806
26804
26801
26822
26820
26830
26838
26869
26861
26903
26891
26935
26953
86846
86855
86871
86868
86870
86884
86840
86898
86890
86947
86948
86943
86962
86996
90006
90029
56057
56065
56067
56074
56097
56089
56110
56127
56137
56136
56151
56172
56189
56193
56241
56212
56250
90466
90518
90538
90546
90562
90585
90570
90596
90578
90590
90617
90620
90600
90634
90636
98568
98577
98566
98585
98604
98623
98635
98615
98637
98645
98687
98672
98700
98702
98706
98707
98710
98691
98731
98698
98737
98752
84150
84127
84196
84205
84241
84242
84226
84258
84289
84283
84304
84335
94698
94716
94721
94753
94838
94819
94827
94840
94853
94842
94848
94872
94900
94906
94894
3509
3520
3508
3526
3514
3516
3557
3588
3565
3619
3624
3656
3662
26958
26966
26962
26981
26993
98037
98044
98062
98051
98039
98070
98069
98080
98110
98091
98116
98130
98136
90061
90091
90093
90125
90085
90123
90116
90159
90169
90185
90205
90195
90201
90224
90249
90244
90659
90679
90668
90711
90719
90758
90760
90789
90785
90825
90818
90855
98770
98777
98786
98797
98811
98840
98839
98858
98849
98871
98885
98899
98905
98931
98903
98968
98934
98978
98970
56238
56251
56275
56228
56274
56281
56309
56286
56359
56352
56373
56367
56397
56416
56431
56449
56456
56460
56427
56463
56457
56438
56453
84339
84308
84337
84362
84360
84370
84401
84325
84405
84406
84388
84410
84412
84407
84395
84428
84413
84476
84466
84482
84478
84509
84513
84518
84522
84535
94920
94913
94925
94983
94987
94994
94991
94973
94972
95000
80009
80017
80014
80012
80040
80026
80052
80073
80088
80093
80099
80083
3708
3720
3763
3758
3778
3799
3796
3825
3803
3834
3851
3872
3883
3884
3860
90877
90871
90920
90931
90943
90938
90934
90981
90987
90966
90950
93023
93024
93037
93026
93046
93049
93051
93032
93074
56468
56494
56504
56485
56510
56499
56513
56514
56556
56560
56605
56613
56586
56635
56616
56674
84555
84593
84596
84588
84609
84591
84617
84592
84610
84633
84634
84655
84660
84661
84682
84713
98152
98144
98195
98204
98183
98258
98242
98297
98312
98311
98320
98334
98310
98343
98358
98345
98363
98352
98360
80128
80126
80119
80150
80149
80184
80205
80208
80221
80213
80214
80262
80268
80267
80253
80315
80316
98980
98971
98969
99012
99003
99023
99006
99029
99036
99038
99072
99053
99092
99096
99095
99105
99165
99174
99178
90270
90267
90290
90293
90314
90280
90272
90292
90307
90304
90346
90345
90360
90354
90394
90395
90366
90421
90440
90412
90454
90436
90461
98364
98365
98376
98402
98405
98420
98392
98438
98427
98455
98465
98489
98542
98549
98555
98574
99143
99183
99214
99201
99257
99267
99273
99294
99310
99307
99333
99320
99362
3910
3920
3930
3926
3959
3981
3995
3999
4000
22009
22012
22011
22024
22044
22072
22027
22070
22081
22062
22093
22106
22098
22121
22119
84723
84733
84752
84756
84771
84759
84774
84778
84767
84818
84840
84828
84894
84888
84898
84872
84904
84916
84932
84942
93068
93092
93076
93070
93118
93113
93126
93168
93170
93160
93208
93233
93236
93237
93280
56680
56683
56692
56676
56686
56702
56699
56712
56722
56730
56685
56678
56733
56749
56727
56755
56754
56753
56781
56770
56819
56826
56840
80332
80401
80419
80428
80444
80456
80507
2269
2292
2287
2335
2314
2352
2365
2354
2370
2367
2391
2393
2384
2382
2397
2439
2402
2417
2451
2437
2447
22103
22126
22127
22120
22138
22179
22169
22185
22183
22175
22186
22238
22226
22230
22262
22277
22274
22266
22281
22310
99406
99369
99407
99419
99426
99441
99439
99461
99448
99490
99473
99440
99495
99487
99513
99468
99522
99519
99529
99564
99566
84928
84940
84953
84990
84980
85015
85066
85052
85065
85075
85062
85106
85089
85144
85126
85124
80537
80526
80521
80541
80527
80613
80631
80649
80645
80664
80668
80653
80678
80717
80723
80714
80726
85357
85362
85381
85387
85397
85399
85411
85440
85465
85444
85467
85478
85479
85485
85493
85475
85552
85515
85539
56874
56887
56881
56935
56958
56993
56994
56972
2044
2038
2065
2073
22315
22326
22349
22396
22435
22400
22442
22451
22467
22469
22459
22468
22494
22502
22489
2484
2476
2541
2501
2544
2568
2609
2595
2608
2606
2636
93275
93235
93313
93312
93304
93334
93349
93329
93374
93401
93389
93422
93398
93435
93445
93449
93460
93486
85559
85581
85599
85569
85630
85638
85688
85683
85710
85699
85715
80706
80736
80752
80724
80757
80768
80763
80796
80819
80805
80801
80837
80858
80841
80852
80896
80900
93496
93508
93517
93556
93558
93578
93605
93598
93594
93668
93670
85145
85175
85171
85183
85197
85212
85236
85237
85258
85267
85272
85281
85276
85297
85330
85333
99600
99635
99647
99665
99669
99662
99716
99724
99748
99778
99781
2082
2102
2117
2111
2128
2152
2173
2167
2189
2226
2247
2254
2274
2285
2284
2252
22540
22578
22584
22591
22583
22608
22617
22649
22660
22672
22678
22707
22697
22705
22680
85721
85737
85720
85741
85748
85773
85798
85806
85826
85852
85870
85845
85869
2706
2712
2739
2762
2730
2767
2798
2757
2802
2805
2799
2861
2873
5035
5039
5029
5057
5067
5087
5065
5074
5034
5088
5111
5130
5105
5174
5187
5189
5180
5210
5222
5208
5228
5220
5266
5283
5312
5332
5324
85880
85917
85913
85919
85892
85942
85943
85959
85978
5003
5017
5005
5020
5016
80924
80933
80928
80970
80940
80978
80977
80947
80995
80984
84010
84037
84034
84067
84059
84055
84071
84100
22936
22954
22985
26032
26072
26073
26102
26090
26109
26100
26128
26140
26136
22738
22759
22765
22777
22782
22787
22791
22799
22801
22803
22814
22819
22835
22798
22854
22845
22860
22861
22859
22866
22875
22851
22885
22891
22921
22942
26151
26169
26138
26180
26204
26208
26231
26216
26241
26280
26285
26310
26302
26305
26318
26317
26315
26316
26335
26345
88617
88625
88622
88638
88650
88656
88642
88687
88669
88692
88682
88701
88695
88706
88710
88725
88741
88767
50728
50708
50770
50789
50798
50803
50822
50811
50827
50787
50834
50845
50846
50861
50894
64982
64984
66007
66039
66066
66042
66072
66124
8462
8466
8472
8478
8497
8508
8489
8537
8546
8538
8587
8580
8586
8572
8605
8591
41717
41736
41747
41754
41753
41770
41792
41802
41798
41811
41806
41819
41857
96522
96500
96529
96523
96541
96558
96548
96592
96573
96622
96623
96641
96643
23851
23865
23886
23894
23899
23926
23935
23951
23948
23954
23971
23966
45004
45015
45035
45021
45063
45046
45065
45086
45084
45077
45057
45074
45092
45114
45130
45134
45132
45126
50899
50881
50922
50927
50957
50953
50945
50975
50999
87021
87016
88768
88786
88765
88766
88843
88825
88790
88863
88858
88864
88823
88861
88883
88919
39018
39025
39035
39046
39058
39032
39146
39148
39154
41864
41872
41906
41945
41985
41958
41994
41979
96635
96658
96669
96660
96677
96679
96739
96718
96793
8603
8638
8646
8636
8641
8658
8655
8675
8647
8689
8691
8687
8733
8709
8741
8774
8751
66127
66122
66143
66140
66159
66160
66169
66172
66188
66203
66216
66219
66204
66191
66244
66233
66274
66278
45156
45164
45191
45192
45183
45193
45200
45235
45218
45237
45241
45255
45254
45259
45261
87077
87076
87115
87109
87110
87089
87111
87144
87173
87167
87177
87176
88944
88947
88952
88960
88949
88955
88968
88993
88990
88973
95007
95024
95020
39122
39141
39169
39190
39206
39209
39224
39194
39233
39275
39281
42036
42061
42067
42085
42117
42096
42132
42134
42138
42179
8797
8813
8807
8826
8842
8833
8827
8841
8858
8888
8889
8929
45296
45326
45304
45350
45355
45358
45356
45374
45394
45426
45429
45455
96801
96826
96902
96892
96876
96922
96939
96954
96929
96947
96955
66285
66304
66297
66320
66318
66362
66386
66363
66402
66406
66407
66392
87252
87233
87263
87275
87321
87285
87336
87359
87361
39307
39329
39363
39374
39377
39395
39408
39450
95046
95087
95115
95111
95118
95144
95147
95146
95155
95161
95159
95169
95177
95195
95180
95188
95205
8944
8951
8963
8978
14001
14068
14090
45476
45485
45480
45483
45495
45503
45509
45511
45523
45512
45541
45515
45529
45567
45572
45575
45574
42188
42206
42234
42249
42272
42299
42264
96941
96962
96970
96979
96986
76027
76009
76021
76051
76068
76063
76086
76085
66422
66419
66469
66489
66521
66519
66513
66516
66543
66561
66555
66600
95257
95255
95236
95286
95321
95333
95369
39468
39447
39481
39514
39499
39524
39549
39532
39550
39567
39546
39575
39568
39562
39576
39600
39607
39583
39625
39614
66599
66581
66639
66636
66642
66672
66685
66684
66683
66735
66726
66701
66731
66750
66760
66759
14054
14112
14091
14124
14144
14172
14188
14206
14226
76111
76122
76171
76190
76211
76240
76230
76266
45629
45627
45653
45675
45666
45698
45686
45677
45709
45739
45735
45759
45761
45768
42320
42330
42381
42358
42370
42395
42428
42461
42465
42446
42494
87357
87349
87381
87399
87404
87413
87418
87431
87448
87459
87488
95383
95418
95420
95417
95437
95443
95453
95459
95469
95450
95495
95491
95543
95539
95548
66781
66789
66773
66805
66753
66795
66826
66837
66807
66872
39658
39656
39692
39682
39708
39694
39696
39702
39721
39724
39703
39736
39733
39738
39758
39765
39752
45776
45777
45839
45848
45801
45866
45887
45908
45873
45931
76314
76339
76347
76363
76398
76418
76427
42492
42511
42522
42506
42543
42545
42553
42532
42613
42624
42623
42636
42604
42638
42650
42655
14252
14280
14334
14336
14344
14366
87554
87543
87564
87562
87600
87644
87653
87661
87658
66959
23013
23007
23031
23016
23057
23059
42657
42628
42661
42682
42689
42706
42723
42738
42758
14418
14414
14437
14430
14447
14490
14497
14521
14506
95510
95565
95544
95599
95597
95614
95617
95578
95622
95594
95615
95645
95641
95684
95672
95686
95711
45940
45957
45959
45973
45980
45990
45983
45993
46027
46030
46028
46067
46071
76430
76394
76421
76417
76438
76461
76459
76454
76506
76498
76513
76525
76520
76547
76570
39768
39780
39798
39814
39821
39830
39834
39836
39860
39847
39824
39861
39876
39869
39898
39895
39885
39916
39932
87673
87684
87709
87720
87728
87732
87744
87755
87762
87772
87778
87773
87796
87794
87806
87814
87835
87808
23055
23086
23098
23096
23125
23139
23149
23179
23148
23176
23200
23191
14558
14577
14594
14614
14610
14668
14666
14639
14656
14700
14684
14675
14693
14709
42806
42867
42868
42833
42889
42869
42925
42941
76604
76603
76664
76679
76705
76704
76722
76728
95708
95717
95713
95747
95748
95722
95735
95766
95774
95772
95826
95839
95808
39944
39959
39955
39968
39989
39991
39996
39981
39999
39983
41014
41030
41032
41061
41046
41081
41076
41087
87825
87867
87854
87883
87882
87887
87896
87931
87901
87919
87977
87959
46092
46105
46089
46093
46107
46094
46132
46128
46166
46191
46210
46239
23230
23228
23204
23277
23279
23298
23286
23317
23304
23329
23308
23338
23330
95947
95949
95967
95953
95992
96009
14707
14722
14713
14685
14754
14773
14779
14780
14775
14783
14789
14818
14826
14827
14844
14852
76745
76743
76711
76742
76747
76756
76779
76784
76791
76813
76817
76845
76846
76852
76882
76811
76876
76853
41110
41083
41136
41144
41152
41158
41182
41160
41202
41178
41218
41209
42942
42951
42982
42999
41
38
67
69
43
96
105
83
101
88014
88019
88013
88001
88018
88055
88056
88082
88091
88059
88117
88128
88142
46255
46282
46267
46331
46352
46351
46325
46338
46349
46340
46386
46404
23372
23382
23415
23451
23480
23463
23472
23482
23486
23489
23532
96039
96050
96065
96087
96074
96103
96111
96096
96120
96098
96130
96176
96152
14878
14885
14907
14920
14969
14951
14973
14986
13020
41249
41262
41291
41285
41312
41314
41304
41344
41368
41365
41408
46400
46395
46394
46437
46467
46468
46476
46502
46530
46561
120
145
131
158
156
163
256
258
250
274
257
279
88170
88154
88172
88165
88192
88186
88198
88219
88242
88238
88260
88279
76891
76903
76909
76917
76889
76942
76925
76959
76957
76943
76987
76971
77000
77008
77017
77010
77021
77022
23546
23551
23552
23566
23589
23560
23587
23594
23568
23645
23649
23669
23672
96199
96203
96216
96217
96235
96249
96246
96269
96241
96280
96259
96288
96318
96317
96328
41419
41407
41429
41406
41461
41451
41467
41489
41507
41505
41517
41509
41483
41530
13039
13054
13057
13063
13077
13067
13062
13130
13080
13142
13143
13161
77057
77058
77059
77064
77081
77073
77092
77153
77147
77177
77203
88304
88317
88303
88315
88332
88321
88316
88349
88379
88429
88463
46569
46560
46618
46627
46642
46629
46619
46646
46634
46632
46680
46669
46681
46686
290
272
293
292
302
304
328
353
345
332
368
388
23694
23699
23695
23732
23740
23753
23749
23766
23790
23792
23796
13202
13199
13219
13237
13248
13260
13265
96339
96351
96355
96362
96373
96378
96374
96391
96411
96427
96432
96456
96475
77223
77286
77269
77295
77300
77285
77311
77315
88457
88471
88468
88482
88453
88496
88497
88498
88505
88508
88532
88535
88509
88545
88530
88555
88564
88574
88600
88584
41520
41569
41576
41578
41598
41588
41638
41657
41688
41691
428
442
449
458
463
473
456
507
488
508
574
580
46692
46733
46738
46771
46790
46788
46795
46764
46828
46839
46855
46868
13290
13274
13259
13293
13271
13335
13331
13347
13342
13344
13367
600
616
632
644
656
657
635
647
645
651
650
680
704
705
694
712
721
732
740
15525
15535
15557
15545
15584
15602
15621
15593
77333
77360
77364
77381
77359
77410
77485
77482
77493
77494
77509
77517
79225
79229
79223
79293
79333
79334
79342
79377
79370
65118
65126
65135
65162
65170
65155
65171
65189
65210
65199
65235
65222
65242
65216
65263
46847
46865
46889
46918
46924
46926
46932
46943
46935
46984
59189
59190
59194
59215
59198
59248
59243
59262
59247
59281
59288
13394
13403
13430
13447
13492
15616
15636
15651
15666
15693
15661
15723
15704
757
768
813
806
811
826
827
832
859
878
887
868
13504
13507
13503
13543
13530
13556
13547
13566
65262
65270
65238
65297
65317
65320
65329
65335
65348
65339
65331
65369
65370
65378
65376
65381
65377
65392
65390
65405
77526
77530
77515
77540
77552
77537
77561
77558
77582
77576
77588
77599
77573
77598
77601
77608
77633
77669
79391
79389
79411
79416
79442
79453
79468
79483
79506
79517
79516
79532
79526
48037
48052
48035
48079
48073
48131
48129
59301
59335
59324
59373
59377
59370
59384
59374
59427
59472
15715
15768
15793
15785
15777
15761
15824
15806
929
937
954
963
999
1012
13591
13606
13618
13642
15854
15848
15923
79555
79570
79604
79616
79594
79624
79644
79621
79647
79678
79693
77666
77674
77692
77736
77790
77785
77798
77780
77797
77803
77825
65418
65419
65421
65431
65452
65466
65509
65515
65523
65549
65544
65556
65562
65568
65560
59477
59485
59492
59501
59513
59518
59537
59540
59553
59552
59595
59601
48231
48234
48236
48245
48269
48243
48275
48290
48308
48315
48324
15947
15974
15965
15955
15987
13691
13689
13692
13720
13749
13769
13791
13770
1070
1079
1084
1105
1108
1107
1094
1145
1166
1179
1177
1182
1160
1198
1217
1216
65552
65598
65623
65602
65671
65690
65697
65689
65715
65709
79701
79749
79741
79780
79781
79765
79774
79759
79800
79805
79811
79826
79844
79828
77834
77854
77862
77856
77839
77897
77913
77923
77955
77967
48325
48340
48313
48346
48369
48361
48390
48378
48385
48453
48457
48498
16038
16087
16097
16100
16137
16150
16128
16148
59667
59674
59683
59682
59693
59702
59712
59717
59732
59745
59742
59754
59735
59766
13788
13840
13826
13813
13849
13863
13877
13913
1221
1206
1259
1267
1285
1284
1292
1311
1356
1358
16144
16133
16176
16185
16189
16211
16212
16231
16239
16219
16209
16247
16259
65703
65732
65781
65815
65816
65828
65852
65855
65853
79861
79863
79865
79871
79889
79984
79974
79995
79983
13890
13941
13938
13967
13974
13994
48494
48501
48506
48512
48559
48580
48565
48596
48591
48632
48633
48624
77997
77986
78000
78019
78045
78085
78082
78076
78108
78113
78122
78131
78139
78135
59804
59808
59812
59818
59837
59865
59847
59909
59921
59946
59947
16251
16281
16258
16321
16323
16330
16316
16347
15002
15017
15041
15036
15062
15054
15082
15088
15066
15102
15117
1360
1391
1410
1417
1427
1447
1411
1429
1468
1423
1482
1491
1494
1488
1495
59007
59083
59095
59085
59087
59117
59135
59144
59151
65887
65898
65915
65921
65907
65941
65947
65948
65949
65964
65981
64017
64030
64040
64024
78137
78169
78182
78200
78197
78222
78212
78239
78265
78231
48651
48669
48667
48672
48675
48702
48718
48742
48765
48759
48780
48795
48797
59953
59913
59971
59983
59935
59967
59993
65005
65008
65046
65060
65091
15099
15124
15134
15151
15190
15169
16365
16390
16400
16382
16421
16431
16424
16439
16443
16462
1525
1522
1550
1548
1554
1543
1559
1564
1557
1661
1616
1671
1659
1668
1679
16770
16802
16813
16845
16853
16825
16864
16852
16816
64514
64493
64533
64581
64576
64606
64590
64588
64605
64608
64643
64638
64647
64660
64029
64059
64050
64052
64036
64083
64081
64104
64096
64116
64109
64126
64102
64130
64138
64117
64131
64137
64139
78301
78303
78335
78336
78340
78351
78354
78363
78357
78358
78367
78385
78368
78392
78376
78403
78424
48806
48794
48824
48786
48827
48852
48834
48859
48868
48886
48879
48883
48892
48897
48875
48917
48916
48925
48933
48932
15207
15241
15279
15258
15302
15298
15304
15312
16463
16450
16460
16509
16539
16567
1727
1735
1708
1745
1779
1796
1814
1798
1830
16885
16917
16900
16890
16918
16950
16956
64664
64671
64691
64698
64650
64686
64716
64694
64719
64813
15311
15331
15350
15319
15371
15381
15400
15398
15363
15433
16579
16584
16658
16656
16674
16663
16677
16681
64200
64228
64222
64285
64286
64305
64304
64311
64347
64341
78428
78443
78464
78505
78511
78528
78529
78567
78540
78586
78591
78603
78608
48945
48949
48994
50048
50046
50056
50074
50120
1849
1837
1847
1866
1886
1889
1876
1901
1919
1915
1891
1921
1940
1968
2000
1994
16983
16981
21004
21025
21019
21016
21031
21026
21083
21088
15419
15464
15487
15518
15483
15506
16680
16682
16661
16695
16697
16699
16700
16698
16736
16752
16749
16760
64809
64793
64816
64835
64871
64887
64889
64860
64884
64921
64969
64348
64369
64367
64366
64363
64391
64375
64397
64402
64434
64417
64440
64480
64439
64507
78619
78652
78638
78647
78679
78663
78655
78692
78721
78708
78748
78709
50093
50123
50128
50138
50107
50147
50175
50203
50200
50184
50193
50236
50243
50216
50252
50254
21094
21134
21112
21152
21147
21158
21191
21396
21410
21436
21400
21462
21449
21495
21743
21727
21767
21774
21780
21808
21809
21814
1976
1977
8007
8067
8071
8088
8083
8096
8131
8090
21790
21817
21831
21843
21855
21887
21916
21200
21208
21219
21224
21254
21542
21509
21531
21563
21590
21612
8160
8184
8185
8202
8209
8234
8236
8233
8251
8271
8272
8284
8270
8260
8305
8292
78768
78773
78785
78788
78836
78807
78838
78877
78879
78862
78916
21293
21301
21324
21322
21351
21353
21367
21361
21369
21382
21390
50259
50277
50305
50308
50290
50316
50320
50362
50364
50366
50394
50398
50408
50422
50424
50429
21918
21934
21939
21951
21984
21959
21993
78929
78932
78949
78966
78963
78964
78991
79000
78992
79030
79037
79045
21646
21601
21704
8315
8326
8318
8361
8383
8401
8387
8386
8394
8406
8408
8421
8409
79089
79090
79116
79111
79126
79147
79163
79179
79190
79177
79209
79206
50448
50451
50455
50430
50478
50514
50527
50570
50512
50532
50581
50606
50571
50597
50618
50625
50624
50631
50652
50658
50674
50683
50732
